solid Object01
  facet
    outer loop
      vertex 0.0 0.0 10.0
      vertex 0.0 1.25 8.75
      vertex 1.25 0.0 8.75
    endloop
  endfacet
  facet
    outer loop
      vertex 0.0 1.25 8.75
      vertex 0.0 2.5 7.5
      vertex 1.25 1.25 7.5
    endloop
  endfacet
  facet
    outer loop
      vertex 1.25 0.0 8.75
      vertex 1.25 1.25 7.5
      vertex 2.5 0.0 7.5
    endloop
  endfacet
  facet
    outer loop
      vertex 0.0 2.5 7.5
      vertex 0.0 3.75 6.25
      vertex 1.25 2.5 6.25
    endloop
  endfacet
  facet
    outer loop
      vertex 0.0 3.75 6.25
      vertex 0.0 5.0 5.0
      vertex 1.25 3.75 5.0
    endloop
  endfacet
  facet
    outer loop
      vertex 1.25 2.5 6.25
      vertex 1.25 3.75 5.0
      vertex 2.5 2.5 5.0
    endloop
  endfacet
  facet
    outer loop
      vertex 2.5 0.0 7.5
      vertex 2.5 1.25 6.25
      vertex 3.75 0.0 6.25
    endloop
  endfacet
  facet
    outer loop
      vertex 2.5 1.25 6.25
      vertex 2.5 2.5 5.0
      vertex 3.75 1.25 5.0
    endloop
  endfacet
  facet
    outer loop
      vertex 3.75 0.0 6.25
      vertex 3.75 1.25 5.0
      vertex 5.0 0.0 5.0
    endloop
  endfacet
  facet
    outer loop
      vertex 0.0 5.0 5.0
      vertex 0.0 6.25 3.75
      vertex 1.25 5.0 3.75
    endloop
  endfacet
  facet
    outer loop
      vertex 0.0 6.25 3.75
      vertex 0.0 7.5 2.5
      vertex 1.25 6.25 2.5
    endloop
  endfacet
  facet
    outer loop
      vertex 1.25 5.0 3.75
      vertex 1.25 6.25 2.5
      vertex 2.5 5.0 2.5
    endloop
  endfacet
  facet
    outer loop
      vertex 0.0 7.5 2.5
      vertex 0.0 8.75 1.25
      vertex 1.25 7.5 1.25
    endloop
  endfacet
  facet
    outer loop
      vertex 0.0 8.75 1.25
      vertex 0.0 10.0 0.0
      vertex 1.25 8.75 0.0
    endloop
  endfacet
  facet
    outer loop
      vertex 1.25 7.5 1.25
      vertex 1.25 8.75 0.0
      vertex 2.5 7.5 0.0
    endloop
  endfacet
  facet
    outer loop
      vertex 2.5 5.0 2.5
      vertex 2.5 6.25 1.25
      vertex 3.75 5.0 1.25
    endloop
  endfacet
  facet
    outer loop
      vertex 2.5 6.25 1.25
      vertex 2.5 7.5 0.0
      vertex 3.75 6.25 0.0
    endloop
  endfacet
  facet
    outer loop
      vertex 3.75 5.0 1.25
      vertex 3.75 6.25 0.0
      vertex 5.0 5.0 0.0
    endloop
  endfacet
  facet
    outer loop
      vertex 5.0 0.0 5.0
      vertex 5.0 1.25 3.75
      vertex 6.25 0.0 3.75
    endloop
  endfacet
  facet
    outer loop
      vertex 5.0 1.25 3.75
      vertex 5.0 2.5 2.5
      vertex 6.25 1.25 2.5
    endloop
  endfacet
  facet
    outer loop
      vertex 6.25 0.0 3.75
      vertex 6.25 1.25 2.5
      vertex 7.5 0.0 2.5
    endloop
  endfacet
  facet
    outer loop
      vertex 5.0 2.5 2.5
      vertex 5.0 3.75 1.25
      vertex 6.25 2.5 1.25
    endloop
  endfacet
  facet
    outer loop
      vertex 5.0 3.75 1.25
      vertex 5.0 5.0 0.0
      vertex 6.25 3.75 0.0
    endloop
  endfacet
  facet
    outer loop
      vertex 6.25 2.5 1.25
      vertex 6.25 3.75 0.0
      vertex 7.5 2.5 0.0
    endloop
  endfacet
  facet
    outer loop
      vertex 7.5 0.0 2.5
      vertex 7.5 1.25 1.25
      vertex 8.75 0.0 1.25
    endloop
  endfacet
  facet
    outer loop
      vertex 7.5 1.25 1.25
      vertex 7.5 2.5 0.0
      vertex 8.75 1.25 0.0
    endloop
  endfacet
  facet
    outer loop
      vertex 8.75 0.0 1.25
      vertex 8.75 1.25 0.0
      vertex 10.0 0.0 0.0
    endloop
  endfacet
endsolid Object01